1923 350
325 1112
1923 1911
183 1899
110 396
110 803
1716 574
1605 62
325 1100
172 171
325 1752
172 419
1508 1903
172 1531
172 945
1966 695
172 1177
1966 1884
852 1514
28 1971
1966 183
1519 700
1966 1605
1966 2020
2026 2022
325 1812
1691 1254
1103 352
338 231
129 1057
338 1478
1691 980
1796 919
416 1921
416 994
1691 1053
1796 1531
1796 171
338 1698
1796 1200
129 965
1254 1295
381 1304
1796 666
1796 419
381 728
1254 1820
1796 172
1855 337
1855 1254
996 177
270 874
1855 980
390 672
1855 1053
416 1698
1831 855
130 1514
1831 1576
847 728
416 1368
1239 668
1431 587
1291 946
1431 314
1239 1790
1239 803
1239 1599
1239 288
1769 1226
318 1650
1323 217
151 270
1694 685
342 1525
342 1789
151 980
151 1254
151 337
1291 835
1323 251
151 1769
1982 154
1814 1056
1044 881
337 980
337 1254
879 1570
879 1137
894 1105
764 1965
1664 1254
1664 270
627 491
627 593
1664 337
1002 459
1664 151
512 1303
627 777
1664 1226
1458 1787
1664 1769
512 642
1800 1598
1811 459
1458 1273
337 1053
842 1044
812 194
1610 1065
812 1775
1111 1514
1610 559
512 2034
1780 1842
1689 1695
1689 218
33 459
1664 980
512 1570
641 604
512 1190
512 1122
648 33
812 1576
512 420
985 1780
995 1935
985 1842
392 1380
995 1498
1992 1610
1926 1276
985 1065
410 1614
410 641
1222 154
392 604
1780 1065
886 1180
50 1790
1679 1559
1992 1065
1679 686
1926 366
1070 1935
585 288
585 236
1992 798
1070 995
256 396
1992 985
1992 1780
886 1738
699 154
1080 290
1400 803
1080 1971
1400 668
782 843
992 206
961 276
716 245
961 1679
992 150
866 1424
471 206
1667 994
1758 587
744 352
309 1972
1667 236
1667 408
724 798
1667 1874
1400 819
1407 1630
1978 290
1189 798
1513 1137
1400 1570
1400 642
1131 668
1125 929
243 162
1131 314
677 458
1667 584
823 1514
477 1119
471 1121
1758 314
1667 515
826 612
1534 1101
1534 798
2002 1531
785 1121
785 1263
541 826
1373 1387
1001 1514
1373 771
1534 1189
1534 477
419 798
265 604
163 469
419 1531
419 171
419 1177
152 290
163 1366
2002 1065
588 1215
1907 1614
1727 265
419 1082
1907 604
1980 1540
628 219
1980 835
1980 382
419 1065
1980 728
419 1769
1727 965
685 27
419 1212
1006 628
1907 685
564 1514
600 407
1006 1559
600 298
965 1610
600 1812
965 1065
1727 1614
1530 419
1530 171
1530 1531
1006 682
1530 1491
1727 1057
1006 367
632 1725
1727 1596
1727 413
330 965
330 798
211 1971
1493 260
17 584
452 1911
880 755
1904 154
984 755
984 880
17 642
1791 1137
1454 206
1832 798
17 1137
1454 36
452 1546
260 1424
880 322
1937 1186
1403 1368
402 1973
1832 452
1186 1614
1791 1570
1186 1057
1186 965
205 1812
223 574
1832 865
1510 1790
230 1121
925 1018
302 1388
1296 1215
576 658
187 669
1573 1295
925 1499
576 86
230 1655
736 1732
736 1922
736 192
1462 604
451 1483
833 1514
736 186
915 1971
1510 420
1270 1790
1510 668
736 1561
780 580
780 1943
1685 991
1299 1884
1547 1514
1685 236
1074 1010
1511 1215
60 201
20 93
1362 755
20 2008
834 1212
834 1516
1511 451
312 2022
1215 1586
277 938
312 793
277 314
20 194
1074 33
2022 1657
1074 459
2022 793
1173 1725
277 1491
740 206
120 150
811 755
1709 308
1081 1804
1709 700
1698 546
1698 235
769 755
68 1215
769 1152
774 231
774 1698
802 1483
1698 1368
120 815
774 1478
196 1973
1941 700
635 798
1941 668
160 1971
1545 206
1421 1141
635 1177
635 1531
1421 508
937 1529
344 298
1895 1752
896 929
1782 2001
1602 755
1263 1121
1369 1726
1369 612
1369 235
255 1141
2009 1654
1985 1514
255 700
255 1941
635 1065
255 1421
1109 798
1109 1177
701 290
1109 1082
1264 261
460 1514
1264 260
1369 1441
1549 1245
1245 591
1369 1190
701 1971
1549 352
551 62
1812 1034
1812 980
1565 1068
1565 178
1728 1630
1807 1899
1280 1478
1280 668
903 1899
1280 1141
2032 1650
178 1068
178 846
892 1282
1747 1483
718 1380
2000 777
1608 1280
204 1812
204 407
725 1630
1494 1514
1174 1514
1280 396
407 1098
1608 1478
446 1201
616 591
616 1083
474 171
1253 192
204 298
1253 1561
1450 584
1253 1732
1861 314
748 867
882 1842
748 352
1836 1115
296 865
322 755
446 1559
446 686
173 792
173 175
288 596
288 1183
1365 1119
759 1514
1940 236
1940 288
288 396
882 298
882 298
1294 1227
1548 1514
1550 1212
888 559
888 798
26 1380
26 1955
26 1944
1522 413
1522 217
397 1788
1461 1576
545 1068
57 290
978 1598
168 557
168 1424
1837 281
340 1971
2030 728
2030 382
1314 413
2030 1167
1314 217
601 1226
1340 469
1156 755
1461 194
47 113
47 1866
1522 854
1451 1972
1314 1614
2030 893
1461 1775
2030 35
1451 75
1314 1522
1451 628
690 596
690 22
258 1911
1640 900
1321 1922
1321 192
684 1555
456 1093
1321 69
497 1971
1733 686
456 171
1733 682
1640 194
1321 186
59 1933
1120 976
1098 407
1321 1561
307 668
307 1628
195 1531
779 1627
779 1531
762 593
779 171
610 420
456 998
95 980
1433 793
195 798
1740 684
95 599
1886 755
95 1552
456 347
95 874
1404 980
779 1082
1735 1105
1735 1056
1724 835
19 1853
779 1249
19 336
1384 506
729 352
1735 194
1735 593
973 2008
1444 1151
65 900
1460 290
1744 1514
1735 86
65 1333
1744 1971
1444 668
901 42
1848 674
1783 1531
1783 945
1783 1177
1848 1903
754 1573
973 629
1149 1483
754 1295
1464 1380
754 1254
1177 945
1177 798
1177 1065
973 1337
1942 1737
1013 1046
412 1514
412 154
80 836
623 1610
209 528
1260 802
623 1065
1783 938
1013 1657
1034 62
1544 219
1013 668
1942 1717
1894 1318
1013 1126
1942 1953
918 1215
1013 1843
1894 1900
374 1628
1894 519
1894 1091
1028 1034
448 1586
448 458
1824 206
71 420
1034 1216
1013 314
1824 604
1013 1271
947 929
947 437
1650 810
526 803
1039 591
602 1525
654 712
602 1789
654 24
526 584
306 1053
498 138
1618 1317
498 282
1178 1971
526 654
1715 1972
1413 1971
45 519
526 668
1382 929
1193 881
1488 498
1193 893
698 1654
1778 698
758 798
1859 194
0 1346
0 1499
0 1166
1048 581
1010 459
801 400
1662 755
1696 9
1593 194
454 1010
295 1786
1593 1105
1593 571
1525 1484
1455 281
1778 75
1584 1971
1696 177
1455 1435
1048 268
9 1625
1048 268
1760 62
801 194
1583 1079
989 1281
801 1048
542 1525
542 1789
1278 1514
1278 38
1770 530
1770 1935
1760 1216
787 407
787 776
1206 352
787 407
505 1555
787 233
1805 1971
534 1531
534 217
145 198
534 1610
534 798
440 194
114 367
1329 968
505 819
582 1805
114 539
1683 228
1738 13
1738 1752
1947 1532
1938 1071
1168 519
328 245
1532 290
1532 1424
1168 1679
1938 194
1938 819
69 1790
1738 224
1113 1630
1687 1609
107 1630
1938 804
1113 1752
1687 491
413 1614
413 1865
413 251
1250 622
1250 133
695 1842
1250 420
413 1788
1097 69
695 630
69 177
695 107
1986 44
413 1610
1822 413
404 798
404 1177
851 1922
619 278
619 1359
1822 251
2010 1971
404 1082
851 186
640 1514
251 1005
278 1277
278 1133
413 174
695 1963
251 965
251 1610
1742 777
572 850
1639 1151
15 1742
24 712
495 1219
1151 668
1151 700
1639 668
1742 1576
1639 803
850 1604
1656 1842
1348 976
813 408
171 1065
99 1368
1931 407
1931 1098
99 235
1348 1569
1348 1897
171 798
171 1177
171 1531
1531 1065
1531 156
1627 1177
96 1295
1627 1531
40 1141
1096 1514
40 396
1160 386
1627 171
1627 945
40 1827
1150 929
1531 798
722 1191
1531 1769
1531 1212
1816 1609
1082 1249
1974 1514
543 803
1292 815
1082 1212
40 1553
1844 819
1690 1514
1471 1065
242 190
521 1812
304 1359
1471 559
1471 1610
1040 171
1040 1627
1040 1531
242 386
1292 150
543 668
1917 154
1983 755
1471 1005
1471 965
1040 1082
1536 394
1040 1249
1912 154
242 1928
1912 1514
1912 1559
1912 647
1092 1177
1246 1900
1092 798
63 290
1092 1065
1092 1531
1536 900
1536 1105
399 1656
875 1903
399 1842
719 1546
1117 1899
1599 803
1710 382
237 612
184 298
184 399
184 1842
2017 900
932 350
1398 672
1906 162
350 1911
932 798
1083 591
1617 491
2011 819
963 1604
372 194
372 228
1916 1529
372 1289
717 206
1449 1775
1661 1516
864 1411
730 282
649 1614
1449 1411
1614 1865
1614 604
511 755
1614 1057
717 755
1538 528
853 798
1273 559
1872 1967
1872 1416
1661 1212
864 1449
717 1598
625 893
873 194
1872 980
625 881
586 1531
586 419
586 171
586 1177
586 945
678 407
1135 491
1075 1273
155 1478
805 1610
805 965
271 569
1331 1135
1835 1354
678 1731
131 999
678 1311
853 2012
1835 236
678 233
853 1995
853 1016
853 77
853 1380
853 1487
1835 515
1835 1049
678 407
79 584
1604 1483
805 1787
525 1609
1889 232
1959 893
1889 154
525 491
805 391
805 798
1424 1435
805 251
1060 883
945 1177
945 798
676 991
221 1965
945 1531
1990 1424
798 1065
670 1788
670 1589
1990 1604
1007 798
1007 945
538 684
1007 1065
377 893
538 1555
377 1018
945 1065
455 1066
233 407
1147 1775
233 1234
233 407
233 776
1437 1752
1104 1514
1819 1272
674 728
1157 1570
1325 1614
125 843
1660 846
794 1880
213 507
794 1212
573 1531
846 1068
573 798
139 685
573 1177
710 1570
573 1065
289 980
548 1571
1265 206
1265 1752
219 367
213 578
1684 1304
1265 1571
49 336
1601 27
373 1350
373 1130
1523 1119
1484 672
975 434
1484 206
975 1812
633 991
219 539
548 1752
548 1265
354 1899
548 206
975 895
975 1738
1663 407
1342 1650
1504 1484
975 1100
1847 1917
1847 1327
1342 506
975 695
1504 672
1108 983
1108 1180
1318 219
1318 352
1490 1673
975 366
1318 1091
895 1333
1996 62
746 352
1366 1706
552 219
1366 469
1381 1570
1996 267
1996 1555
565 1514
552 792
387 1333
957 1971
450 1106
1334 233
450 1971
1043 35
876 827
613 396
613 668
1334 1731
1043 827
1106 1971
1776 1514
1622 154
1166 513
1234 407
1212 900
1475 798
776 407
1018 1346
1166 1127
1234 407
1234 776
189 35
189 1043
189 876
274 1483
1374 910
1475 1065
355 604
939 1598
1475 1212
1018 1166
1018 1499
1475 1769
1212 1899
167 407
1475 156
167 407
167 776
167 1234
1148 1071
1391 75
1561 994
353 1091
1561 589
988 1065
1561 236
988 419
988 1531
741 274
988 171
688 798
2025 523
900 228
900 1899
2025 78
1231 1066
2025 413
2025 251
1144 1514
1561 389
1412 1812
78 156
225 1000
631 236
1412 298
2025 391
2025 798
631 1561
1412 407
1556 1212
1520 1231
200 604
829 352
1520 900
2015 77
2015 1065
972 1752
200 1057
1686 803
1477 855
200 1865
447 420
2015 798
1686 668
1752 1152
679 908
983 972
679 707
1808 761
983 1752
679 575
1808 1046
1752 755
301 1775
862 569
862 700
301 1609
679 580
679 1643
1251 1833
136 668
249 236
1794 929
1808 69
1446 1082
960 1619
1808 1879
1446 82
1446 366
547 1212
960 12
960 382
368 198
960 1046
1446 559
368 1546
1352 459
960 1808
1446 1555
84 386
1335 604
1512 1226
662 952
1512 599
1349 194
1380 604
1527 1917
1527 1327
461 1223
21 1627
857 559
21 171
388 251
2 803
819 755
1468 194
662 1514
21 798
854 1596
1335 1380
580 980
1759 1540
31 695
1759 382
1750 1516
1052 1943
1759 1330
1682 407
2 668
1682 1234
1682 776
1682 407
1643 1630
1750 1069
2 1570
2 819
388 854
2 642
944 1212
944 1516
1194 1570
94 865
479 1788
607 219
620 908
620 707
620 580
620 1643
1981 559
977 980
1890 1194
575 980
462 1752
1 1514
1729 642
1084 900
1486 407
417 251
417 413
1486 233
1486 407
544 874
620 575
1486 1311
1284 201
417 391
1185 798
1185 1531
433 1034
433 980
1185 1610
182 1559
182 686
87 389
194 900
194 394
773 1350
1860 1596
1208 1287
1185 1065
1208 1287
800 153
1208 1752
142 1346
1208 13
1129 1770
1129 1935
438 458
194 1105
1828 420
262 1971
1076 647
1954 1555
732 1051
732 1561
176 1498
1697 1903
732 236
671 1267
1332 668
1482 1105
1482 571
671 1223
1332 642
438 910
1697 524
1482 194
671 604
1930 524
831 1196
1930 1903
247 1552
732 893
1479 491
1124 1119
1306 1559
1635 986
986 12
118 836
824 559
247 1647
207 314
824 1065
986 1049
1047 928
316 712
1047 396
1644 1304
180 352
518 458
1529 316
43 1754
1266 798
1905 1775
1029 1706
1047 1790
1304 664
313 1350
856 559
856 1082
650 1874
856 1555
313 773
650 835
1172 420
1798 1630
856 366
933 668
650 946
856 82
1181 668
1771 1034
1041 1272
1089 755
504 1065
1181 584
982 1138
504 940
424 386
617 407
617 407
1203 468
1041 883
1256 1612
617 776
1269 1790
30 420
1704 881
1463 893
1102 1921
1647 1552
465 1973
1902 1295
1902 1820
164 1984
1948 1091
308 803
308 700
1202 1596
124 1049
124 236
124 994
188 437
188 929
1102 994
124 1354
124 515
1102 1698
1102 1368
97 929
705 798
1680 1725
97 437
97 1038
503 700
503 308
97 188
308 1219
1480 1046
503 803
1480 1438
568 668
1220 874
1385 396
1385 314
568 69
568 1368
568 177
153 206
568 236
962 519
568 986
97 238
1078 668
73 803
1209 228
73 396
73 668
153 1545
153 1752
1209 1911
1209 1552
2024 153
1755 1354
1393 201
1755 994
1031 1943
1755 236
428 691
428 1354
239 1630
1401 1559
691 1354
1434 386
970 1545
970 206
970 1752
691 236
727 798
1090 642
1090 1874
428 1755
428 236
393 1387
224 1952
1672 1790
1672 483
1171 994
1672 1067
1024 235
1672 1570
1132 1032
1024 1726
1024 612
636 819
1171 408
1171 236
1171 1874
1171 1354
855 228
331 546
320 1899
1999 519
331 396
282 1555
836 1921
1670 86
1024 1190
146 194
1312 1650
320 1223
1999 704
1024 1441
72 12
92 282
934 441
934 669
1358 1034
706 1899
1849 1559
1670 593
72 236
72 986
339 1752
1711 1786
1399 644
1950 1387
6 611
25 35
1229 382
1950 566
871 1304
1950 1865
1950 1614
1950 1626
1213 1963
143 604
1870 604
169 245
385 1612
34 1610
385 1166
385 488
169 53
385 793
1718 216
123 396
123 314
1399 581
1011 408
1753 2034
1011 1874
1753 420
1540 728
275 604
34 1065
214 228
34 1100
1011 236
34 1952
1011 954
88 385
720 1252
1035 1231
765 194
1235 1698
34 1555
2019 347
116 874
1745 1650
472 1857
663 668
215 672
911 420
1764 798
215 1484
326 1437
463 1233
326 1752
808 1570
2014 1354
1308 1971
326 1555
2014 1354
814 1790
1197 1441
1524 491
1197 1354
786 1524
1042 1812
1197 1806
1197 499
1197 236
1850 682
1197 192
1200 1653
1200 1627
1506 612
1200 419
1200 1531
1200 1491
1777 668
1506 1650
1200 1249
1200 1769
384 669
1200 391
1200 1661
1200 798
1197 1790
814 177
1200 171
1541 668
1541 893
768 1388
747 755
1200 1082
1200 1065
1722 2034
1014 946
1506 837
1014 1874
1506 1752
768 1424
788 1553
1200 1552
675 206
1506 326
1200 1516
1928 386
1200 1212
661 347
1506 1180
1200 985
1506 1038
1506 13
369 1122
898 668
898 1857
1592 1875
817 593
379 900
795 350
1506 1100
795 452
1014 835
379 109
1554 251
287 1614
287 1057
971 407
1288 1484
335 1514
287 965
1248 1531
2012 798
1248 1177
626 1514
566 599
1567 236
566 1387
1567 994
566 52
1567 991
994 236
994 668
1217 251
1217 1865
1248 798
626 1140
1217 1614
1377 1380
363 1934
1049 1866
1934 1133
1049 881
1423 469
363 1359
1009 2012
1703 1394
1049 546
1009 1487
1009 1016
363 1133
1924 945
1924 798
743 1514
1248 1065
1009 798
1924 1065
1161 1514
1410 1018
1410 1051
1410 1138
1049 1570
1049 1190
383 396
383 668
948 1806
948 1866
948 1049
383 1652
948 546
1027 396
170 672
1027 1871
1517 669
763 1790
763 51
838 170
51 468
231 803
231 668
502 1711
502 1022
231 1141
1517 1196
757 332
231 314
562 1827
427 685
897 1971
279 1630
838 672
838 1484
1827 827
919 1082
1305 919
1620 1233
922 234
897 1106
919 798
922 807
919 1200
919 985
919 419
46 1233
46 1317
46 1620
666 419
1731 1311
1003 1227
1731 233
666 1531
913 1186
666 798
666 171
531 893
531 35
531 1167
531 382
531 728
913 1057
1731 407
1528 595
913 1380
2013 827
16 668
1731 407
1929 1555
1059 2001
1501 881
333 413
1817 668
1817 803
1396 113
1396 1790
333 251
966 192
966 1561
560 793
560 1612
966 1732
843 198
1700 219
1026 1610
1255 1765
1255 292
395 165
1316 900
858 1216
395 292
974 336
974 1853
250 867
560 2034
858 62
250 352
858 980
646 1638
1595 1865
1595 413
1652 396
570 865
1652 1871
967 1899
1595 1614
1939 469
484 843
484 938
967 900
1445 1775
1887 257
1963 1555
257 694
310 786
844 1921
1932 1786
532 1790
1634 1899
166 178
532 893
1668 1775
902 276
969 206
1176 414
1429 728
1429 668
1176 1570
942 1354
1668 1765
956 865
1868 1570
942 1806
1668 1056
942 546
1668 2001
329 728
329 1167
432 1971
66 206
1429 1843
329 668
1693 972
329 893
329 35
1693 1533
1275 1212
1275 1065
935 1514
1693 695
1275 1177
1275 798
1095 1693
1095 1545
1499 1346
1275 1769
52 1057
52 965
1693 1752
618 735
618 1793
1275 1531
1826 177
1211 1514
618 1638
1275 1082
1888 1067
494 1884
924 793
1564 1514
693 881
109 900
1439 1973
781 234
781 807
356 1866
1225 1359
496 1555
1721 668
1721 893
1721 314
496 218
1225 1133
1159 658
482 251
1159 491
482 854
1386 413
1631 400
398 394
772 803
1757 1610
1757 559
286 1874
604 1380
356 113
510 604
1436 1282
510 1137
644 581
1949 194
482 1610
220 929
482 1757
286 668
644 194
1485 380
358 366
1485 400
772 396
1485 1631
61 35
772 42
1386 251
703 1066
772 668
517 396
132 1789
696 1388
132 1525
1810 1903
1810 1657
1453 1233
1453 459
1453 1620
1784 1614
692 1277
1834 382
1568 245
1784 1057
692 1133
1784 965
1834 1447
254 1570
1568 1196
1834 728
1681 1933
1568 669
1485 194
1146 1531
1146 798
767 1871
1633 584
1933 198
1539 507
1568 1633
1033 1478
1196 669
1033 668
1465 881
128 1812
1311 233
128 407
199 965
807 664
1311 776
1311 407
1961 574
1677 1465
1240 1903
2029 908
1037 668
1476 1698
1476 231
1476 1478
775 407
789 1903
789 1657
434 1152
1397 755
1474 1531
643 1576
1474 1491
291 528
1397 1152
199 1487
807 835
1298 1614
199 1531
128 298
1311 407
1298 1865
1298 251
1913 314
775 407
775 1311
199 798
775 233
715 69
305 1295
1526 810
1969 1380
1845 728
1491 1177
1845 835
319 1273
1491 1531
1845 584
1845 946
556 584
556 668
681 1786
1030 1531
1491 938
1307 780
1030 1065
1379 1812
1307 1062
1379 549
1379 1555
1491 945
1919 1901
1030 1610
1030 798
1343 1971
639 1331
639 491
950 899
108 940
950 1661
797 917
108 1491
1224 206
32 798
950 1531
950 1627
108 1350
1307 968
443 400
108 559
91 1725
1307 298
82 62
32 1065
300 835
300 664
82 366
1927 546
82 1555
950 1065
32 1177
1344 707
439 1546
1281 1972
950 1653
797 1307
950 1030
32 1531
1344 580
32 171
32 1212
1658 69
664 1046
550 900
950 666
664 2022
1356 1903
1356 234
299 1952
112 1152
1356 728
299 1100
1356 382
1927 1190
299 1610
1624 258
82 1952
1442 2005
234 835
299 1555
597 367
1927 1570
1309 1952
469 1706
76 559
714 874
597 539
516 113
299 1065
1591 251
1309 299
1309 82
1367 569
609 1082
466 1555
816 883
1258 1614
466 76
863 1267
609 391
609 1516
553 469
1509 753
76 1555
553 1706
1258 883
609 1212
294 488
165 792
294 1354
598 1843
14 1573
1768 1380
1139 1921
1785 642
1909 1046
751 728
751 382
751 1903
1909 1126
1909 1843
751 234
1765 357
1843 668
303 165
14 1719
598 668
1688 86
1765 292
1271 1711
1688 658
259 153
280 669
1909 1657
1909 668
90 1115
1909 314
1641 1079
523 1254
346 1804
486 1790
1558 574
1558 1071
523 1226
453 1755
523 1788
346 1287
1613 288
1408 893
1909 1271
1179 574
119 1082
1558 1973
119 1177
1179 1297
799 281
1392 1585
1535 1066
1535 1231
806 179
806 201
486 668
523 270
101 1752
1558 900
885 1121
101 206
1653 1769
536 1899
441 1570
1653 171
149 441
103 1417
991 236
103 1943
991 1354
991 1049
1507 1212
1558 507
1195 1141
806 420
1653 419
1653 798
1951 1359
1415 1630
1951 1293
1389 488
1951 1133
226 798
106 515
106 236
1741 1788
106 1046
926 1424
991 515
106 1874
809 991
652 1973
485 1380
181 1330
436 281
311 1280
912 1368
1322 1380
1368 177
912 235
509 491
527 815
1324 668
1389 1190
1389 1441
1368 1790
1863 1865
1409 407
1863 1057
464 1252
1054 1914
464 236
464 1790
464 986
464 793
1409 776
1863 604
1409 407
464 720
1198 1911
464 1046
848 1812
98 728
284 1861
1957 1152
1315 1406
1957 1752
1315 284
1064 177
577 1380
624 867
98 2022
867 352
1402 382
577 604
1363 1215
1994 668
624 352
1994 803
624 336
624 1679
98 1998
1994 1478
1637 998
1259 672
1315 396
1987 1555
364 874
1957 1322
1987 1957
1259 206
1495 1499
1495 1018
1418 2001
156 1065
3 1842
2031 792
887 1254
478 578
1563 228
1585 669
1153 194
1891 798
1623 881
323 1130
1885 1065
1600 793
1600 1657
1885 156
657 792
936 900
323 1350
1968 1254
147 1570
1968 980
147 642
508 668
520 1790
508 1141
1115 507
508 700
147 819
2033 1388
1115 1359
1968 1053
1891 1212
1141 700
1891 1531
1891 171
1575 36
208 1570
147 803
1891 1082
1141 668
533 77
1025 420
1478 396
1478 668
1478 803
533 1016
1025 4
370 507
533 731
1478 314
1976 1079
1115 194
533 1809
533 798
1478 946
1976 1452
533 251
371 519
2003 1514
533 1534
371 1006
1976 798
1126 668
444 1395
828 865
1570 604
1570 1137
1204 900
1204 394
1970 36
361 1514
81 972
1636 1803
444 900
1515 1514
253 382
533 865
533 1487
883 1137
621 1478
621 1126
361 2021
828 296
828 798
1646 1317
1378 83
660 653
1469 1899
1646 489
1378 1531
1646 1657
1378 391
1378 1516
1646 835
1597 980
1204 1105
1143 883
1378 1661
1646 1903
1143 1570
1636 685
1378 1610
81 1752
1378 965
1378 798
444 1899
749 1514
777 491
1378 1189
1576 777
1597 1034
201 44
1732 1866
647 1514
749 647
1732 113
1642 604
1713 1742
1898 1065
348 206
1110 668
1898 1053
1898 559
1779 206
2028 1380
1898 1788
1110 396
2007 194
1378 641
1840 1053
1378 854
1110 803
1898 798
1110 42
206 36
1898 413
770 798
1898 1610
1378 1065
1045 1752
1262 396
1301 798
1301 1627
1876 881
1301 171
1772 1857
1301 1531
2028 1610
770 8
2028 1840
1237 1133
1136 694
1055 837
2028 1788
1055 1767
2028 1898
1169 113
981 1212
981 82
981 1555
1169 1790
981 366
1734 194
193 1082
1892 1706
1892 469
981 559
1611 491
1611 571
1207 1465
1207 420
655 1555
522 1183
1960 1775
476 1552
2005 83
522 1570
1712 194
522 288
522 314
731 798
246 700
522 1599
655 819
1910 260
12 236
1152 980
659 194
711 1424
930 1899
1995 251
140 893
1995 731
529 826
1995 1016
1995 77
317 581
1995 798
1588 604
317 194
423 1555
264 792
140 192
1995 1534
1995 1809
1763 854
292 1154
1763 413
1302 1643
1302 1752
1094 694
870 357
870 292
1302 1437
357 1765
357 292
1145 1616
673 581
1995 865
216 469
1763 251
1995 1487
473 1570
1107 803
849 1177
1743 881
1699 1004
614 815
1428 900
1552 1899
638 1053
1247 1514
8 604
1498 431
878 1215
1581 1046
878 1388
1303 1570
1428 1105
1743 420
1107 668
1107 42
890 154
849 1699
1883 1034
1883 980
1107 396
1457 336
1457 1679
1443 1806
951 396
1326 1542
1326 1555
594 954
1008 611
334 546
1008 1911
1443 334
1015 1065
1015 1610
1443 1303
1008 1004
378 1167
756 1231
594 1922
104 314
1655 1380
1648 1903
104 668
421 1347
1046 1874
104 1790
1829 1610
951 668
104 1599
104 803
1829 206
1655 604
104 288
1432 480
683 1655
1426 1046
1214 146
1214 194
1678 1287
58 488
1218 658
1218 491
1864 980
700 803
421 1411
1046 835
421 1775
1864 1034
1714 77
683 206
1426 1219
1920 414
1502 33
1920 1570
1502 1010
1426 700
1678 1180
683 1993
1426 803
1674 316
269 546
1714 1531
77 1065
1714 798
1020 519
1020 1675
1629 1614
1287 1812
1773 1552
248 491
248 1056
467 1920
248 593
1502 459
248 593
1580 236
2016 396
137 642
1503 1012
162 628
162 1091
1123 1287
737 1287
737 1738
737 993
1012 1022
1142 1922
1123 1287
1134 420
1012 1769
1012 1711
1142 1018
1353 1971
713 668
803 1555
1184 792
713 1612
713 69
403 2022
1775 1609
403 1570
429 1491
429 171
1353 1106
1838 1053
321 1531
321 171
162 1559
1072 396
1470 292
1739 396
1621 559
1775 491
403 835
1659 1790
1336 1411
803 819
1336 1775
1659 396
1016 731
314 396
1016 965
927 1803
733 1972
1016 251
314 668
927 27
141 251
1016 1487
126 396
141 798
141 1186
733 1830
909 610
909 420
314 803
314 42
126 158
608 1350
891 1005
1005 1610
1274 827
492 314
492 668
141 1016
492 803
1268 1531
1268 1177
891 965
827 1711
891 1610
1867 854
1781 1952
702 827
891 1833
1140 1917
1781 366
1867 413
1867 251
1351 1330
1896 399
1896 1842
1341 668
1762 22
1282 270
133 622
1896 298
1896 298
891 559
658 593
891 1065
1673 668
1341 1673
1878 815
1673 803
1557 622
1869 792
1557 133
1590 1282
2027 658
1182 1752
622 881
86 491
1282 819
62 1943
1557 420
931 48
2027 86
62 980
1518 22
1815 1216
396 1555
1818 1865
1818 604
1518 459
1518 190
190 459
1632 236
1632 986
212 1630
1518 334
1632 793
1815 62
761 236
1487 1531
1487 956
590 1065
1487 798
761 396
1487 296
680 803
680 42
839 596
1447 1317
865 965
1447 382
324 792
1818 1057
590 1005
1487 965
590 559
396 1122
93 194
1809 1016
953 33
1809 798
1809 1380
953 459
415 865
415 1487
5 52
680 396
865 798
865 1610
752 491
680 668
865 559
222 668
449 491
1761 712
1417 1943
1766 1998
1766 793
1761 1068
1116 1620
445 1327
859 1276
1946 431
1792 231
1792 668
445 1917
493 965
415 1809
493 798
493 1610
415 798
1998 524
1230 290
1579 900
955 1973
859 10
859 1417
1587 1620
1116 1233
1283 1775
859 391
859 1082
1116 459
899 366
1587 1116
558 786
1230 1971
202 837
127 419
1587 1233
1603 669
1603 668
904 177
343 694
1603 1478
1958 1226
1958 270
343 2004
1958 337
1665 1555
1958 1769
904 9
941 1806
2004 1553
1569 976
941 893
760 1151
563 36
760 668
1979 1965
760 803
976 386
1665 1065
430 1570
1865 874
430 634
1865 1057
1017 350
949 653
1665 865
653 201
470 1514
500 708
345 1231
362 1569
362 1897
1665 985
500 669
362 976
1017 611
943 1191
1521 792
37 1865
37 1226
1017 2005
1701 235
235 668
235 69
958 1881
835 946
958 1943
1751 1137
1881 1943
958 437
958 1065
1155 1655
1128 506
489 1317
400 900
1657 1903
958 566
1155 1121
41 1514
920 400
1085 581
157 469
501 349
1221 1899
1310 1903
1881 437
1293 1359
1881 1065
1881 958
1671 1106
1310 1317
1293 1115
554 900
1594 1786
1293 1133
1293 194
1310 835
920 683
818 347
1489 1483
920 1993
411 2001
244 491
244 593
244 593
244 1056
1956 1043
1310 489
1056 571
1310 1657
1056 491
1914 2001
920 900
115 245
1914 491
1914 411
1062 1416
1422 171
920 1297
742 1900
1062 1643
1062 980
920 1293
1914 244
1062 1967
1956 382
1914 1056
1645 177
1707 198
1328 1065
1328 419
920 194
920 1133
1328 1531
293 1215
1328 1769
1328 798
1032 893
293 1388
1901 668
920 1359
1019 1062
359 1065
1645 668
1901 1570
820 1901
1355 1604
11 469
315 1065
1190 584
1612 642
117 1559
1355 1192
1574 798
1574 1610
1492 819
1355 293
121 1617
1574 1338
488 1790
1355 1388
122 1491
122 171
148 1105
418 1190
2006 194
832 1767
418 584
1730 334
56 881
418 488
418 793
418 1612
418 1790
1730 1806
1945 1692
1383 236
1118 349
1945 1000
1276 1555
1276 82
1118 245
1945 225
841 881
1276 1082
1276 1212
1383 288
1893 1424
245 1196
148 194
7 1201
1276 559
1666 365
349 245
1797 612
1975 1973
1175 1971
1361 668
245 669
245 959
7 686
1354 642
1227 1359
263 366
10 1082
1376 236
1354 1874
210 900
1227 1115
1187 1719
921 574
1227 1133
10 1212
10 1249
1276 366
1874 584
263 1276
1320 1331
1705 707
1320 491
1210 1875
1277 554
1036 1350
1210 1392
1038 1555
1705 270
297 382
1277 900
1242 668
1572 1546
783 1842
1242 1141
210 228
406 574
1669 206
382 728
667 1133
778 900
1290 798
382 584
784 900
1560 1137
382 835
39 1022
159 235
1241 1514
1133 507
1795 113
159 668
1133 578
667 1227
667 1277
382 946
1261 837
425 39
1290 1065
332 420
1290 156
1606 23
425 382
1290 1516
1290 1769
1290 1212
425 1022
332 668
64 459
778 194
778 228
583 382
583 728
1866 546
1866 1570
283 798
723 668
979 1866
907 1201
1297 1973
1050 113
203 1254
1416 1842
583 1167
790 524
1606 1559
1050 803
530 1967
561 413
530 1416
561 1057
135 668
1345 668
530 980
1297 900
561 251
1297 1071
1137 604
283 1531
561 1610
907 1559
907 686
561 1788
483 1137
561 1614
1967 1801
1297 574
1989 1282
642 1570
1158 1570
642 1137
1788 559
1977 314
192 642
475 1559
475 686
561 1865
135 584
241 900
1297 507
1114 1570
1774 1122
1607 642
272 33
1088 380
1607 1137
1578 236
1497 1857
1375 36
821 712
1607 584
1925 1368
821 24
1505 1335
351 1514
1430 1711
1286 1900
1286 154
1857 612
1430 1553
1285 1857
1088 1297
1578 668
272 459
1430 1046
1430 1304
1430 1854
67 1775
766 1540
997 380
191 1191
67 194
1063 1263
236 1874
1191 1330
67 1576
1243 236
1649 1903
1702 1297
1702 278
1852 396
1748 1254
540 1122
1748 1573
540 420
830 1679
665 1719
1162 1899
1748 1295
1236 238
1364 819
1338 506
1364 1478
1236 437
1364 700
1236 929
1364 1141
1236 188
1339 1514
1364 308
1702 1359
1364 314
1236 1038
1364 396
1364 668
872 581
1915 1121
1061 1965
861 872
645 391
645 1380
1099 1706
689 292
1915 10
1915 999
916 840
102 1801
916 401
1188 728
1188 382
1188 1167
861 581
1915 840
2018 574
905 780
1736 728
1736 668
229 219
1736 1843
1170 1900
1440 1630
574 1973
721 802
1440 1804
85 1657
1651 668
1021 980
916 1121
1695 900
1238 1287
1238 1287
1551 1514
606 1126
630 1598
1238 1738
606 1478
738 1514
1695 1725
1473 1122
1695 218
22 596
1813 1105
1394 1657
1813 571
1394 1903
916 10
54 491
916 1911
1566 218
1238 1180
1908 1254
1908 1573
375 218
185 1056
1405 1049
409 1765
1058 1790
1873 700
1873 1141
1813 194
1873 668
375 1695
1051 1499
1051 1018
490 900
375 1566
1300 1717
375 1725
409 1056
1858 1908
1058 177
409 2001
375 496
409 1775
1991 1494
490 1899
1357 1093
1372 1598
327 840
1839 458
1466 251
375 366
1466 1614
1438 1857
490 228
1205 1903
1205 1657
252 637
796 1360
753 1967
252 1522
1165 1105
1165 571
1692 386
1357 347
1165 194
1615 792
360 1650
987 945
1615 175
987 1065
822 1934
822 1359
796 755
796 1754
987 798
822 1133
1582 400
480 298
480 298
480 1842
111 1435
1851 420
750 1233
481 980
70 755
55 1357
884 1000
55 2019
481 1034
55 1093
1533 1752
1877 1267
457 1803
341 75
1279 228
1086 1842
1472 1388
1846 1851
1846 869
1086 480
458 567
914 708
1419 62
537 798
457 27
868 1034
734 1609
514 1953
1390 1657
1419 1812
1419 980
1419 1943
1425 668
592 1066
514 178
74 1599
1756 1186
1459 1788
74 314
74 1570
791 846
53 245
232 1327
791 1068
1327 528
89 1767
18 893
134 1984
687 946
889 1614
1420 407
1420 407
285 1330
1420 1234
1420 776
1456 260
1577 1812
1481 854
1456 1493
1918 798
134 1679
134 539
1577 1112
1481 251
1882 1793
1882 260
1676 391
605 2034
1918 1627
240 491
1793 735
240 593
1793 1456
1577 1752
1577 1100
1918 1531
1918 171
1882 1456
1793 260
1370 266
1087 1971
1370 270
1543 604
990 459
266 1610
266 1065
1862 245
422 251
1676 1516
1370 1626
1676 1212
605 69
422 1487
1370 393
1370 1387
422 865
391 1212
1467 393
1467 202
391 1516
414 1903
1467 1370
1467 266
1467 837
1500 668
1825 1057
1825 413
1414 1212
1163 171
365 1317
1821 1752
1825 251
1414 1082
1500 584
1516 1212
1516 1880
1414 391
1825 1614
1825 1788
1414 1516
1825 1610
1825 604
1244 1044
1023 641
579 1514
579 2021
105 1612
555 1137
555 235
555 613
1825 1865
513 201
1073 1366
1073 365
2021 1514
1537 803
426 1105
426 571
874 980
1821 1387
426 194
1448 491
1749 682
48 276
1199 219
1537 236
1964 668
860 194
877 968
1964 113
1964 235
1964 803
1936 1514
1562 1900
1749 1199
1537 668
1749 48
1936 1917
1749 1616
1749 1679
874 1057
1537 69
1746 352
1962 668
910 1388
910 458
1962 803
910 1215
144 1483
595 1057
1997 1555
595 874
615 217
442 1233
29 793
273 968
1077 669
656 236
1232 755
1371 739
29 382
603 1711
227 707
227 1223
845 910
1319 669
964 1775
906 1121
1228 206
437 1738
589 69
376 1953
1164 435
435 1812
1720 236
227 270
1371 707
1799 686
435 298
1720 656
906 1655
535 1516
535 1212
1841 1137
535 391
437 366
1841 1570
437 993
437 434
487 1228
437 895
437 1812
487 206
100 709
993 1287
709 1971
197 83
1988 994
993 1180
923 236
923 1988
437 695
437 1100
923 1368
1802 1404
161 1152
923 1097
923 1698
923 69
923 991
923 994
923 235
923 585
366 62
161 755
923 192
726 798
726 1610
1802 1065
686 1559
726 366
405 668
405 1053
1708 1201
1496 1057
1856 1952
1802 980
1802 1780
1856 366
1856 993
1802 1404
1856 437
1802 1842
1313 86
1313 491
1313 1576
1257 1555
1823 1790
1723 194
1708 1559
1708 686
825 668
2023 559
651 1874
697 1555
651 236
1427 1965
110 1790
745 803
2020 1884
1965 1598
