218 3
824 3
846 9
1188 2
1222 4
1660 9
401 3
648 4
33 4
1954 3
247 3
1111 4
156 3
1885 3
1771 3
1968 3
1679 4
85 2
961 4
1473 2
309 4
1651 2
213 9
1891 3
1736 2
1798 3
1662 8
1394 2
1873 2
1902 3
1001 4
1405 2
1642 3
1058 2
606 2
823 4
1647 3
81 3
1220 3
1779 3
1438 2
682 4
367 4
970 3
1055 3
628 4
705 3
1051 2
552 9
152 4
1148 9
476 3
655 3
727 3
1000 9
1205 2
1559 4
1006 4
1301 3
1071 9
959 4
1851 2
1995 3
1846 2
1004 5
431 3
1552 3
1477 9
260 4
750 2
225 9
731 3
1493 4
1296 4
53 2
1425 2
301 9
1609 9
302 4
611 5
74 2
708 2
1699 3
914 2
1390 2
706 3
1215 4
18 2
68 4
1864 3
1015 3
802 4
1154 9
1718 3
451 4
1870 3
1511 4
6 3
915 4
1035 3
687 2
426 5
1123 3
1985 4
2009 4
1042 3
1200 3
285 2
77 3
84 9
215 3
461 9
1287 3
276 4
1349 9
1764 3
1654 4
116 3
1714 3
321 3
1750 9
460 4
1862 2
429 3
607 9
414 2
1747 4
1468 9
1245 4
605 2
990 2
1069 9
459 4
1549 4
1983 8
555 2
1016 3
170 3
1217 3
365 2
1073 2
1244 2
1500 2
287 3
105 2
566 3
513 2
1924 3
279 3
1305 3
603 2
919 3
1875 2
1962 2
838 3
1005 3
1964 2
141 3
1537 2
1494 4
616 4
1787 3
1528 3
333 3
1216 3
589 2
1815 3
1841 2
1084 9
168 4
511 8
891 3
1077 2
666 3
1182 3
656 2
62 3
1720 2
1319 2
442 2
29 2
1548 4
405 2
415 3
1053 3
202 3
825 2
570 3
563 3
1923 5
837 3
1026 3
1487 3
858 3
865 3
923 2
1809 3
1988 2
2026 2
37 3
1853 4
958 3
19 4
1519 2
1128 3
745 2
1098 4
1823 2
497 4
110 2
1865 3
651 2
1479 9
1275 3
1460 4
1062 3
996 2
416 2
1905 9
818 3
847 2
290 4
1881 3
381 2
66 3
338 2
696 3
528 4
482 3
1386 3
209 4
1894 4
1900 4
519 4
358 3
1879 2
1483 4
1452 3
1239 2
1291 2
1757 3
1019 3
1149 4
1933 5
1767 3
1681 3
1044 2
842 2
128 3
1544 4
1079 3
424 9
11 3
879 2
1187 3
50 2
1626 3
585 2
263 3
1127 2
1030 3
1969 3
1715 4
832 3
1972 4
434 3
1413 4
465 9
256 2
1276 3
512 2
698 4
1131 2
75 4
1295 3
32 3
1967 9
1010 4
1778 4
1416 3
1513 2
1038 3
1400 2
1224 3
1667 2
714 3
821 3
163 2
785 5
1980 2
530 3
454 4
1788 3
1442 3
582 4
1719 3
840 5
1003 9
629 3
1434 9
1805 4
14 3
523 3
17 2
346 3
1791 2
1403 2
1338 3
665 3
632 5
855 9
506 5
60 2
1685 2
1670 9
2022 2
226 3
645 3
925 2
1947 4
1535 3
1507 3
187 2
1532 4
736 2
1653 3
103 3
146 9
1510 2
557 4
1941 2
1421 2
1445 9
255 2
1709 2
1369 2
640 4
1399 9
1863 3
1957 3
166 9
1987 3
1514 4
395 9
312 2
774 2
1698 2
1668 9
630 3
2033 3
533 3
828 3
850 4
1575 3
905 3
1388 4
310 9
572 4
887 3
1898 3
277 5
2028 3
1861 2
22 3
1840 3
1597 3
1450 2
1253 2
765 9
1636 3
1280 2
1469 3
1608 2
214 9
1439 9
1225 9
1524 9
2030 2
1263 5
1628 2
307 2
423 3
1807 5
1949 9
1152 3
786 9
1940 2
1045 3
288 2
47 2
2005 3
1917 4
937 5
981 3
154 4
638 3
1763 3
1724 2
1357 3
8 3
610 2
1360 8
1159 9
903 5
1321 2
398 9
386 9
1928 9
1433 2
480 3
1086 3
1655 3
591 4
692 9
1539 9
817 9
360 3
481 3
1444 2
849 3
1961 9
1013 2
71 2
852 4
1066 3
80 2
1848 2
1083 4
1993 3
1629 3
443 9
1193 2
526 2
1012 3
592 3
1503 3
683 3
654 3
963 4
363 9
28 4
1934 9
639 9
1811 4
295 2
1002 4
927 3
1696 2
889 3
0 2
1838 3
1694 4
1624 9
9 2
1803 3
177 2
43 8
699 4
1878 3
1896 3
1509 9
716 4
505 2
863 9
233 4
1424 4
1990 4
1781 3
268 9
1604 4
243 4
677 4
1818 3
139 4
588 4
1558 9
1978 4
1080 4
1820 3
1676 3
866 4
744 4
1688 9
212 3
389 2
1250 2
1414 3
336 4
49 4
1059 9
186 2
1255 9
564 4
1922 2
391 3
1543 3
804 9
493 3
69 2
1417 3
1097 2
1951 9
859 3
1516 3
328 2
99 2
345 3
1054 9
1821 3
495 2
211 4
746 4
1971 4
352 4
1316 9
1904 4
509 9
1151 2
127 3
1091 4
219 4
851 2
1318 4
1639 2
1958 3
1488 5
167 4
498 5
1234 4
833 4
776 4
1547 4
40 2
274 4
1106 4
813 2
450 4
722 2
44 4
1563 9
968 3
554 3
273 3
1593 5
701 4
1418 9
688 3
543 2
741 4
1074 4
160 4
1710 2
1599 2
679 3
1952 3
993 3
366 3
1856 3
936 9
435 3
1264 4
1153 9
200 3
437 3
1164 3
1174 4
340 4
1965 3
625 2
57 4
1835 2
370 9
145 5
1427 3
1837 4
122 3
1451 4
1574 3
748 4
446 4
649 2
759 4
1614 3
2007 9
1713 9
1733 4
1060 2
857 3
1959 2
271 2
444 9
155 2
644 9
783 3
10 3
1631 9
79 2
151 3
1769 3
1157 2
1226 3
462 3
1508 3
1254 3
377 2
270 3
1960 9
674 2
1664 3
1260 4
1272 2
1610 3
412 4
544 3
337 3
1860 3
1485 9
729 4
676 2
1611 9
479 3
1744 4
1669 3
31 3
1992 3
1039 4
1989 3
1395 9
1505 3
1129 3
283 3
710 2
1780 3
918 4
1819 2
1684 2
373 2
985 3
659 9
448 4
1189 3
1490 2
477 3
1455 4
1584 4
930 9
176 3
179 2
643 9
45 4
1178 4
1124 3
633 2
114 4
1061 3
1043 2
1168 4
876 2
189 2
1534 3
989 4
1101 3
1162 3
1381 2
1236 3
787 4
613 2
1278 4
1206 4
1366 2
2002 3
1202 3
631 2
1986 4
719 5
1907 3
1561 2
965 3
330 3
1680 3
1166 2
1018 2
1801 3
504 3
550 9
685 4
1256 3
102 3
1238 3
1454 3
1186 3
1218 9
1393 3
1937 3
1214 9
2010 4
1385 3
1931 4
1021 3
862 2
1466 3
569 2
1246 4
780 3
1619 2
1943 3
165 9
63 4
1908 3
1312 3
1096 4
1690 4
636 3
447 2
1858 3
1912 4
1950 3
1974 4
1916 5
339 3
1358 3
1884 3
252 3
1759 2
819 3
637 3
2 2
1906 4
303 9
1808 2
960 2
1765 9
249 2
275 3
36 3
136 2
55 3
1179 9
1804 3
1538 4
678 4
1890 2
1194 2
1081 3
1470 9
90 9
1299 3
1184 9
1284 2
1729 2
1555 3
1104 4
1889 4
1545 3
869 2
1112 3
652 9
1577 3
1828 2
1554 3
661 3
675 3
1122 2
795 3
142 2
1756 3
747 3
773 2
1370 3
266 3
1812 3
1334 4
1467 3
957 4
1697 2
1776 4
831 2
1622 4
1825 3
407 4
204 3
1833 3
565 4
1869 9
1663 4
1248 3
1847 4
1377 3
1754 8
718 3
1391 4
1029 2
874 3
1304 2
1374 4
1644 2
595 3
933 2
650 2
353 4
1023 3
986 2
474 3
1930 2
1635 2
982 2
615 3
2031 9
978 3
657 9
1269 2
1138 2
324 9
1144 4
478 9
449 9
578 9
752 9
913 3
1550 3
829 4
124 2
1228 3
1283 9
952 4
487 3
394 9
998 3
1167 2
558 9
1204 9
308 2
1093 3
1527 4
503 2
1203 2
468 2
1352 4
1463 2
1371 3
507 9
1115 9
1359 9
1095 3
494 3
73 2
2024 2
567 4
1693 3
428 2
1237 9
1436 3
1 4
691 2
1755 2
777 9
347 3
955 9
197 3
1579 9
662 4
967 3
83 3
1576 9
1634 3
153 3
456 3
779 3
368 5
1682 4
1078 2
969 3
2020 3
1257 3
1177 3
1171 2
1024 2
1966 3
1605 3
183 3
938 5
1521 9
1496 3
182 4
1486 4
2023 3
1464 3
408 2
132 3
390 3
1855 3
1293 9
1379 3
934 2
262 4
549 4
1711 2
91 3
1034 3
612 3
1734 9
836 2
331 2
1784 3
1783 3
2029 3
1397 3
1526 3
27 3
129 3
1076 4
199 3
112 3
1546 5
1712 9
1323 3
318 3
180 4
88 2
143 2
385 2
1028 3
438 4
634 2
121 9
810 3
950 3
920 9
1306 4
641 3
410 3
764 3
886 3
673 9
1945 9
357 9
1540 2
392 3
1926 3
720 2
1800 3
1650 3
518 4
317 9
1591 3
264 9
609 3
1975 9
1768 3
792 9
2014 2
646 7
194 9
1482 5
778 9
617 4
921 9
292 9
870 9
406 9
210 9
992 3
1320 9
119 3
1105 9
571 9
1530 3
962 4
600 3
419 3
241 9
826 3
463 2
1948 4
1125 3
164 4
541 3
499 2
1197 2
1428 9
1553 2
788 2
452 3
1014 2
997 9
1832 3
577 3
316 5
1347 9
1702 9
421 9
1637 3
364 3
1529 5
205 3
527 3
485 3
1415 3
67 9
1401 4
704 4
834 3
994 2
1849 4
1567 2
1999 4
3 3
689 9
1573 3
231 2
1970 3
248 9
593 9
120 3
51 2
1517 2
872 9
861 9
1976 3
948 2
1726 2
1049 2
1775 9
1411 9
770 3
1336 9
1233 2
1308 4
1620 2
2032 3
1728 3
562 2
344 3
635 3
763 2
1827 2
1378 3
1822 3
185 9
251 3
725 3
193 3
1817 2
409 9
739 3
735 7
618 7
916 9
413 3
46 2
1850 4
2013 2
171 3
1531 3
1627 3
614 3
1883 3
1302 3
1498 3
1249 3
743 4
1522 3
626 4
397 3
560 2
712 9
971 4
882 3
1300 9
296 3
768 4
1365 3
1588 3
335 4
24 3
529 3
86 9
658 9
822 9
753 9
2027 9
690 3
1842 3
184 3
684 3
1582 9
399 3
1615 9
1829 3
298 3
1161 4
1939 2
1314 3
1082 3
1040 3
601 3
1692 9
756 3
427 4
2011 3
1877 9
755 8
942 2
897 4
2008 9
1773 3
93 9
1279 9
737 3
1652 2
1740 3
195 3
1871 2
532 2
1678 3
884 9
1432 3
717 3
261 4
1075 3
798 3
945 3
734 9
1273 3
1337 3
514 9
623 3
1429 2
973 3
1598 3
174 3
1731 4
1761 9
1325 3
974 4
1068 9
250 4
602 3
791 9
1346 2
1700 4
1499 2
1065 3
1007 3
61 2
289 3
772 2
362 9
1633 2
1382 3
902 4
1265 3
1268 3
1810 2
1721 2
947 3
1897 9
980 3
306 3
510 2
1621 3
976 9
604 3
1569 9
1465 2
1504 3
1677 2
807 2
1525 3
1789 3
935 4
432 4
1762 3
1568 2
240 9
1196 2
1867 3
548 3
1484 3
672 3
1935 3
581 9
1564 4
1770 3
1518 3
1085 9
501 9
590 3
789 2
400 9
542 3
1919 2
1786 2
1583 3
681 2
190 4
1211 4
556 2
1845 2
1738 3
1356 2
1914 9
234 2
5 3
379 5
516 2
107 3
839 3
300 2
1329 3
1056 9
244 9
664 2
1927 2
2001 9
411 9
534 3
775 4
816 2
291 4
1448 9
695 3
1921 2
860 9
1665 3
404 3
1706 2
1037 4
1899 9
469 2
1946 3
899 3
1311 4
553 2
1979 3
1212 3
1231 3
294 2
1656 3
1520 3
1843 2
148 9
1221 3
1343 4
1973 9
1638 4
1139 2
1155 3
1017 3
900 9
2006 9
597 4
1422 3
1292 3
983 3
1909 2
667 9
1133 9
1752 3
150 3
1271 2
376 9
521 3
929 3
359 3
964 9
1150 3
96 3
1686 3
972 3
1281 4
1227 9
1277 9
1380 3
380 9
315 3
1335 3
1794 3
1328 3
784 9
1492 3
38 4
1797 3
575 3
799 4
350 5
620 3
1441 2
1183 2
1117 3
1571 3
1195 2
1643 3
1392 2
1297 9
991 2
707 3
809 2
580 3
441 2
1092 3
908 3
149 2
730 3
926 4
1661 3
1290 3
912 2
1389 2
932 3
1723 9
1368 2
87 2
1088 9
1705 3
1409 4
867 4
281 4
436 4
561 3
624 4
1315 2
1915 9
1363 4
946 2
1313 9
1261 3
203 3
1994 2
284 2
1406 2
999 9
1252 2
1437 3
1585 2
669 2
1748 3
732 2
1716 9
1589 3
1375 3
728 2
455 3
1332 2
574 9
670 3
2018 9
1047 2
1623 2
1141 2
1099 3
354 3
508 2
794 3
323 2
1880 3
1130 2
207 2
118 2
54 9
491 9
1041 2
1342 3
1440 3
109 5
647 4
1570 2
749 4
1143 2
1108 3
361 4
313 2
1172 2
2003 4
1523 3
371 4
1831 9
883 2
1515 4
1126 2
1478 2
1181 2
621 2
1480 2
1732 2
1110 2
490 9
30 2
660 2
895 3
201 2
1704 2
1102 2
796 8
1387 3
1566 3
393 2
1475 3
113 2
1090 2
1169 2
1695 9
1876 2
568 2
881 2
987 3
1814 9
1596 3
871 2
1145 4
72 2
1412 3
1910 4
711 4
70 8
355 3
1672 2
1372 3
894 9
1132 2
375 3
1235 2
2015 3
546 2
169 2
890 4
457 3
878 4
537 3
663 2
1753 2
1011 2
472 2
1533 3
627 9
25 2
12 2
1229 2
812 9
138 5
1689 9
123 2
1247 4
854 3
1459 3
388 3
911 2
89 3
814 2
378 4
1446 3
140 2
439 5
808 2
1419 3
1512 3
1457 4
868 3
599 3
1541 2
42 8
1107 2
1675 4
162 4
1722 2
1481 3
1918 3
94 3
1777 2
369 2
1502 4
422 3
1020 4
384 2
951 2
417 3
1185 3
596 3
1830 4
733 4
1303 2
977 3
898 2
1353 4
1443 2
1592 2
334 2
1163 3
1423 2
383 2
1997 3
1219 2
1426 2
1703 2
1410 2
757 2
1027 2
1208 3
1648 2
700 2
877 3
1046 2
922 2
535 3
671 3
1134 2
137 2
227 3
906 3
1140 4
1267 9
885 5
1501 2
803 3
726 3
966 2
314 2
492 2
1232 8
16 2
531 2
931 4
1396 2
1802 3
161 3
172 3
1796 3
856 3
1691 3
257 2
1887 2
325 3
445 4
1089 3
702 2
844 2
402 9
953 4
223 9
827 2
1868 2
1274 2
1330 2
1350 2
608 2
1266 3
1333 3
1351 2
697 3
1932 2
1557 2
1888 2
924 2
470 4
1198 5
1341 2
1176 2
576 9
329 2
1673 2
133 2
622 2
1230 4
420 2
356 2
781 2
693 2
1458 3
396 2
188 3
761 2
995 3
286 2
342 3
1826 2
20 9
1911 5
1453 2
228 9
41 4
471 3
239 3
1489 4
771 3
1209 3
222 2
196 9
1782 9
1630 3
1447 2
238 3
1070 3
517 2
515 2
724 3
97 3
782 3
1407 3
1671 4
1766 2
1476 2
1355 4
117 4
265 7
767 2
1192 4
293 4
1240 2
254 2
1031 3
742 4
224 3
1033 2
1373 3
1119 3
1998 2
1834 2
1893 4
7 4
1175 4
1213 3
559 3
1913 2
893 2
1806 2
941 2
1223 9
282 3
694 2
92 3
343 2
1727 3
715 2
2004 2
320 3
1658 2
1565 9
178 9
230 3
108 2
1317 2
34 3
1270 3
1462 3
1431 8
940 3
949 2
1491 3
653 2
943 2
235 2
1701 2
489 2
1606 4
2000 9
740 3
23 4
1258 2
1657 2
1785 2
1895 3
896 3
175 9
835 2
1367 2
1241 4
2019 3
1725 5
1745 3
64 4
1173 3
769 3
751 2
13 3
1100 3
1294 9
35 2
1901 2
907 4
1674 5
280 2
551 3
475 4
173 9
1109 3
598 2
1310 2
1836 9
326 3
892 3
1190 2
806 2
584 2
1612 2
198 5
1461 9
349 9
418 2
106 2
1408 2
1506 3
1613 2
545 9
351 4
820 2
1790 2
1286 4
793 2
488 2
1288 3
453 2
272 4
1354 2
26 3
1402 2
1955 3
1339 4
1944 3
464 2
1874 2
2012 3
1495 2
1009 3
98 2
928 2
888 3
217 3
1064 2
1120 9
830 4
245 2
1118 2
311 2
181 2
1324 2
258 9
721 4
59 3
1600 2
208 2
1384 3
147 2
520 2
1022 2
762 9
297 2
95 3
229 4
1640 9
1340 3
1170 4
502 3
1735 9
1551 4
382 2
1772 2
425 2
348 2
1136 2
1262 2
1625 3
754 3
1404 3
4 2
1025 2
738 4
206 3
39 2
1758 8
253 2
1646 2
65 3
483 2
522 2
246 2
1137 2
1929 3
1737 9
1991 4
524 2
1008 5
815 3
1892 2
979 2
1207 2
790 2
1866 2
473 2
484 3
1743 2
192 2
843 3
642 2
216 2
1953 9
1345 2
1717 9
1839 4
1618 3
1942 9
1824 3
1094 2
104 2
668 2
1578 2
984 8
1963 3
880 8
1581 2
1595 3
758 3
1542 2
1326 2
594 2
341 4
1920 2
1472 4
269 2
191 2
467 2
1580 2
58 2
1285 2
1857 2
956 3
1760 3
1243 2
1435 4
1191 2
111 4
236 2
1113 3
713 2
403 2
1057 3
1142 2
52 3
2034 2
458 4
2016 2
1327 4
1072 2
232 4
1649 2
1903 2
1456 4
134 4
1420 4
1793 7
1048 9
1882 4
1859 9
1659 2
496 3
1362 8
158 9
1984 4
126 2
1739 2
909 2
1087 4
1282 3
703 3
1590 2
1586 4
539 4
801 9
220 3
440 9
1602 8
1067 2
1572 5
1146 3
1792 2
2021 4
1683 9
579 4
811 8
1632 2
680 2
237 3
760 2
845 4
500 2
1603 2
1746 4
904 2
910 4
1116 2
1616 4
1587 2
1749 4
1687 9
1298 3
48 4
1844 3
1199 4
875 3
144 4
1936 4
1938 9
1471 3
305 3
1562 4
15 9
322 8
1742 9
797 3
1344 3
1751 2
1307 3
1348 9
954 2
1474 3
430 2
619 9
319 3
917 3
278 9
1398 3
1799 4
1160 9
586 3
100 4
709 4
1956 2
115 2
805 3
299 3
1309 3
1594 2
82 3
1872 3
853 3
157 2
1180 3
573 3
304 9
1601 3
221 3
1645 2
1032 2
76 3
1156 8
1816 9
686 4
125 3
466 3
1708 4
538 3
1201 4
1121 3
1063 5
387 3
939 3
1666 2
78 3
1617 9
56 2
2017 9
988 3
975 3
267 3
242 9
1730 2
1536 9
259 3
1996 3
864 9
1449 9
1210 2
1251 3
547 3
1242 2
1103 4
21 3
1052 3
159 2
1036 2
873 9
1795 2
2025 3
841 2
1556 3
1361 2
1641 3
1383 2
1376 2
1886 8
372 9
1289 9
723 2
1135 9
131 9
901 8
587 8
536 3
1707 5
1331 9
1560 2
130 4
486 3
101 3
1050 2
944 3
583 2
1981 3
332 2
1497 2
1322 3
1813 5
1977 2
1147 9
1925 2
433 3
1607 2
800 3
1854 2
1982 4
1774 2
1114 2
1741 3
135 2
525 9
1158 2
766 2
540 2
1259 3
327 5
1852 2
1165 5
1364 2
374 8
1430 2
848 3
